=================================================================
      INTERMEDIATE MATRICES (EDUCATIONAL VERIFICATION DATA)      
=================================================================

--- Degree of Freedom (DOF) Map ---
Note: -1 indicates a restrained (support) or condensed DOF.
Node ID    UX       UY       RZ      
-----------------------------------
1          -1       -1       10      
2          7        8        9       
3          3        4        5       
4          0        1        2       
5          -1       -1       6       
6          -1       -1       -1      


--- Global Stiffness Matrix [K] (Active DOFs) ---
  2.5000e+06    0.0000e+00    0.0000e+00   -2.5000e+06    0.0000e+00    0.0000e+00    0.0000e+00    0.0000e+00    0.0000e+00    0.0000e+00    0.0000e+00
  0.0000e+00    6.9444e+04   -1.0417e+05    0.0000e+00   -6.9444e+04   -1.0417e+05    0.0000e+00    0.0000e+00    0.0000e+00    0.0000e+00    0.0000e+00
  0.0000e+00   -1.0417e+05    2.0833e+05    0.0000e+00    1.0417e+05    1.0417e+05    0.0000e+00    0.0000e+00    0.0000e+00    0.0000e+00    0.0000e+00
 -2.5000e+06    0.0000e+00    0.0000e+00    3.4388e+06    1.7492e+03    0.0000e+00    0.0000e+00   -9.3750e+05    0.0000e+00    0.0000e+00    0.0000e+00
  0.0000e+00   -6.9444e+04    1.0417e+05    1.7492e+03    7.5439e+04    8.9518e+04    0.0000e+00    0.0000e+00   -3.6621e+03   -1.4648e+04    0.0000e+00
  0.0000e+00   -1.0417e+05    1.0417e+05    0.0000e+00    8.9518e+04    2.8646e+05    0.0000e+00    0.0000e+00    1.4648e+04    3.9062e+04    0.0000e+00
  0.0000e+00    0.0000e+00    0.0000e+00    0.0000e+00    0.0000e+00    0.0000e+00    1.5625e+05    5.8594e+04    0.0000e+00    7.8125e+04    0.0000e+00
  0.0000e+00    0.0000e+00    0.0000e+00   -9.3750e+05    0.0000e+00    0.0000e+00    5.8594e+04    2.8418e+06    0.0000e+00    5.8594e+04    0.0000e+00
  0.0000e+00    0.0000e+00    0.0000e+00    0.0000e+00   -3.6621e+03    1.4648e+04    0.0000e+00    0.0000e+00    1.9080e+06   -4.3945e+04   -5.8594e+04
  0.0000e+00    0.0000e+00    0.0000e+00    0.0000e+00   -1.4648e+04    3.9062e+04    7.8125e+04    5.8594e+04   -4.3945e+04    3.9062e+05    7.8125e+04
  0.0000e+00    0.0000e+00    0.0000e+00    0.0000e+00    0.0000e+00    0.0000e+00    0.0000e+00    0.0000e+00   -5.8594e+04    7.8125e+04    1.5625e+05


--- Global Mass Matrix [M] (Active DOFs) ---
    2943.750         0.000         0.000         0.000         0.000         0.000         0.000         0.000         0.000         0.000         0.000
       0.000      2943.750         0.000         0.000         0.000         0.000         0.000         0.000         0.000         0.000         0.000
       0.000         0.000         0.000         0.000         0.000         0.000         0.000         0.000         0.000         0.000         0.000
       0.000         0.000         0.000     10795.538         0.000         0.000         0.000         0.000         0.000         0.000         0.000
       0.000         0.000         0.000         0.000     10795.538         0.000         0.000         0.000         0.000         0.000         0.000
       0.000         0.000         0.000         0.000         0.000         0.000         0.000         0.000         0.000         0.000         0.000
       0.000         0.000         0.000         0.000         0.000         0.000         0.000         0.000         0.000         0.000         0.000
       0.000         0.000         0.000         0.000         0.000         0.000         0.000     15700.000         0.000         0.000         0.000
       0.000         0.000         0.000         0.000         0.000         0.000         0.000         0.000     15700.000         0.000         0.000
       0.000         0.000         0.000         0.000         0.000         0.000         0.000         0.000         0.000         0.000         0.000
       0.000         0.000         0.000         0.000         0.000         0.000         0.000         0.000         0.000         0.000         0.000

=================================================================
